(kicad_pcb (version 20171130) (host pcbnew 5.1.6-c6e7f7d~87~ubuntu18.04.1)

  (general
    (thickness 1.6002)
    (drawings 7)
    (tracks 0)
    (zones 0)
    (modules 73)
    (nets 46)
  )

  (page A4)
  (layers
    (0 Front signal)
    (1 In1.Cu signal)
    (2 In2.Cu signal)
    (31 Back signal)
    (34 B.Paste user)
    (35 F.Paste user)
    (36 B.SilkS user)
    (37 F.SilkS user)
    (38 B.Mask user)
    (39 F.Mask user)
    (44 Edge.Cuts user)
    (45 Margin user)
    (46 B.CrtYd user)
    (47 F.CrtYd user)
    (49 F.Fab user)
  )

  (setup
    (last_trace_width 0.15)
    (user_trace_width 0.15)
    (user_trace_width 0.2)
    (user_trace_width 0.4)
    (user_trace_width 0.6)
    (trace_clearance 0.127)
    (zone_clearance 0.508)
    (zone_45_only no)
    (trace_min 0.127)
    (via_size 0.6)
    (via_drill 0.3)
    (via_min_size 0.6)
    (via_min_drill 0.3)
    (user_via 0.6 0.3)
    (user_via 0.9 0.4)
    (uvia_size 0.6858)
    (uvia_drill 0.3302)
    (uvias_allowed no)
    (uvia_min_size 0.2)
    (uvia_min_drill 0.1)
    (edge_width 0.0381)
    (segment_width 0.254)
    (pcb_text_width 0.3048)
    (pcb_text_size 1.524 1.524)
    (mod_edge_width 0.1524)
    (mod_text_size 0.8128 0.8128)
    (mod_text_width 0.1524)
    (pad_size 1.524 1.524)
    (pad_drill 0.762)
    (pad_to_mask_clearance 0)
    (solder_mask_min_width 0.12)
    (aux_axis_origin 0 0)
    (grid_origin 88.2015 109.347)
    (visible_elements FFFFFF7F)
    (pcbplotparams
      (layerselection 0x010fc_ffffffff)
      (usegerberextensions false)
      (usegerberattributes true)
      (usegerberadvancedattributes true)
      (creategerberjobfile true)
      (excludeedgelayer true)
      (linewidth 0.100000)
      (plotframeref false)
      (viasonmask false)
      (mode 1)
      (useauxorigin false)
      (hpglpennumber 1)
      (hpglpenspeed 20)
      (hpglpendiameter 15.000000)
      (psnegative false)
      (psa4output false)
      (plotreference true)
      (plotvalue true)
      (plotinvisibletext false)
      (padsonsilk false)
      (subtractmaskfromsilk false)
      (outputformat 1)
      (mirror false)
      (drillshape 1)
      (scaleselection 1)
      (outputdirectory ""))
  )

  (net 0 "")
  (net 1 GND)
  (net 2 +3V3)
  (net 3 +5V)
  (net 4 "Net-(C4-Pad1)")
  (net 5 "Net-(C7-Pad2)")
  (net 6 "Net-(C8-Pad2)")
  (net 7 "Net-(C11-Pad1)")
  (net 8 "Net-(J2-Pad2)")
  (net 9 "Net-(J2-Pad3)")
  (net 10 "Net-(J2-PadS1)")
  (net 11 "Net-(R1-Pad1)")
  (net 12 "Net-(R3-Pad2)")
  (net 13 "Net-(R5-Pad2)")
  (net 14 "Net-(D2-Pad4)")
  (net 15 "Net-(J1-PadMCLR)")
  (net 16 "Net-(D4-Pad4)")
  (net 17 "Net-(D3-Pad4)")
  (net 18 "Net-(D3-Pad3)")
  (net 19 "Net-(D2-Pad3)")
  (net 20 "Net-(D4-Pad3)")
  (net 21 "Net-(U2-Pad2)")
  (net 22 "Net-(U2-Pad15)")
  (net 23 SWITCH_OUT_1)
  (net 24 SWITCH_OUT_2)
  (net 25 SWITCH_OUT_3)
  (net 26 PGD)
  (net 27 PGC)
  (net 28 /3V@20mA)
  (net 29 "Net-(D1-Pad+)")
  (net 30 "Net-(D2-Pad1)")
  (net 31 "Net-(D3-Pad1)")
  (net 32 "Net-(D4-Pad1)")
  (net 33 /2V@15mA)
  (net 34 "Net-(D5-Pad2)")
  (net 35 /RX)
  (net 36 /TX)
  (net 37 /Blue)
  (net 38 /1.7V@69mA)
  (net 39 /3V@69mA)
  (net 40 /Red)
  (net 41 /Green)
  (net 42 /1.7V@57mA)
  (net 43 /PWM-Hue)
  (net 44 /PWM-Brightness)
  (net 45 "Net-(TP1-Pad1)")

  (net_class Default "This is the default net class."
    (clearance 0.127)
    (trace_width 0.127)
    (via_dia 0.6)
    (via_drill 0.3)
    (uvia_dia 0.6858)
    (uvia_drill 0.3302)
    (diff_pair_width 0.1524)
    (diff_pair_gap 0.254)
    (add_net +3V3)
    (add_net +5V)
    (add_net /1.7V@57mA)
    (add_net /1.7V@69mA)
    (add_net /2V@15mA)
    (add_net /3V@20mA)
    (add_net /3V@69mA)
    (add_net /Blue)
    (add_net /Green)
    (add_net /PWM-Brightness)
    (add_net /PWM-Hue)
    (add_net /RX)
    (add_net /Red)
    (add_net /TX)
    (add_net GND)
    (add_net "Net-(C11-Pad1)")
    (add_net "Net-(C4-Pad1)")
    (add_net "Net-(C7-Pad2)")
    (add_net "Net-(C8-Pad2)")
    (add_net "Net-(D1-Pad+)")
    (add_net "Net-(D2-Pad1)")
    (add_net "Net-(D2-Pad3)")
    (add_net "Net-(D2-Pad4)")
    (add_net "Net-(D3-Pad1)")
    (add_net "Net-(D3-Pad3)")
    (add_net "Net-(D3-Pad4)")
    (add_net "Net-(D4-Pad1)")
    (add_net "Net-(D4-Pad3)")
    (add_net "Net-(D4-Pad4)")
    (add_net "Net-(D5-Pad2)")
    (add_net "Net-(J1-PadMCLR)")
    (add_net "Net-(J1-PadNC)")
    (add_net "Net-(J2-Pad2)")
    (add_net "Net-(J2-Pad3)")
    (add_net "Net-(J2-Pad4)")
    (add_net "Net-(J2-PadS1)")
    (add_net "Net-(J3-Pad1)")
    (add_net "Net-(J3-Pad4)")
    (add_net "Net-(J3-Pad5)")
    (add_net "Net-(J3-Pad6)")
    (add_net "Net-(J3-Pad7)")
    (add_net "Net-(J3-Pad8)")
    (add_net "Net-(J3-Pad9)")
    (add_net "Net-(R1-Pad1)")
    (add_net "Net-(R3-Pad2)")
    (add_net "Net-(R5-Pad2)")
    (add_net "Net-(TP1-Pad1)")
    (add_net "Net-(U1-Pad2)")
    (add_net "Net-(U2-Pad11)")
    (add_net "Net-(U2-Pad14)")
    (add_net "Net-(U2-Pad15)")
    (add_net "Net-(U2-Pad16)")
    (add_net "Net-(U2-Pad2)")
    (add_net "Net-(U2-Pad4)")
    (add_net "Net-(U2-Pad5)")
    (add_net "Net-(U3-PadRA2)")
    (add_net "Net-(U3-PadRA3)")
    (add_net "Net-(U3-PadRA4)")
    (add_net "Net-(U3-PadRB1)")
    (add_net "Net-(U3-PadRB12)")
    (add_net "Net-(U4-Pad10)")
    (add_net "Net-(U4-Pad11)")
    (add_net "Net-(U4-Pad15)")
    (add_net "Net-(U4-Pad3)")
    (add_net "Net-(U4-Pad4)")
    (add_net "Net-(U4-Pad8)")
    (add_net "Net-(U4-Pad9)")
    (add_net "Net-(U5-Pad4)")
    (add_net PGC)
    (add_net PGD)
    (add_net SWITCH_OUT_1)
    (add_net SWITCH_OUT_2)
    (add_net SWITCH_OUT_3)
  )

  (module footprints:Kailh_MX_Socket (layer Front) (tedit 5AA94F75) (tstamp 5F15C2A8)
    (at 154.8765 95.0595)
    (path /5D12F7C6)
    (fp_text reference S3 (at 0 9) (layer F.SilkS)
      (effects (font (size 1.524 1.524) (thickness 0.3048)))
    )
    (fp_text value KAILH_HOT_SWAP (at 0 7) (layer B.SilkS)
      (effects (font (size 1.524 1.524) (thickness 0.3048)) (justify mirror))
    )
    (fp_arc (start 4.46 -5.08) (end 4.46 -6.755) (angle 90) (layer F.SilkS) (width 0.15))
    (fp_arc (start 0.865 -0.865) (end 0.865 -2.54) (angle 90) (layer F.SilkS) (width 0.15))
    (fp_line (start -7.62 5.62) (end -7.62 7.62) (layer Dwgs.User) (width 0.381))
    (fp_line (start 5.62 -7.62) (end 7.62 -7.62) (layer Dwgs.User) (width 0.381))
    (fp_line (start 7.62 5.62) (end 7.62 7.62) (layer Dwgs.User) (width 0.381))
    (fp_line (start 5.62 7.62) (end 7.62 7.62) (layer Dwgs.User) (width 0.381))
    (fp_line (start 0.865 -2.54) (end -4.865 -2.54) (layer F.SilkS) (width 0.15))
    (fp_line (start 4.46 -6.755) (end -4.865 -6.755) (layer F.SilkS) (width 0.15))
    (fp_line (start -4.865 -6.75) (end -4.865 -2.54) (layer F.SilkS) (width 0.15))
    (fp_line (start 6.135 -5.08) (end 6.135 -0.865) (layer F.SilkS) (width 0.15))
    (fp_line (start 6.135 -0.865) (end 2.54 -0.865) (layer F.SilkS) (width 0.15))
    (fp_line (start -7.62 -7.62) (end -5.62 -7.62) (layer Dwgs.User) (width 0.381))
    (fp_line (start 7.62 -7.62) (end 7.62 -5.62) (layer Dwgs.User) (width 0.381))
    (fp_line (start -7.62 7.62) (end -5.62 7.62) (layer Dwgs.User) (width 0.381))
    (fp_line (start -7.62 -5.62) (end -7.62 -7.62) (layer Dwgs.User) (width 0.381))
    (pad "" np_thru_hole circle (at 5.08 0) (size 1.7 1.7) (drill 1.7) (layers *.Cu *.Mask))
    (pad "" np_thru_hole circle (at -5.08 0) (size 1.7 1.7) (drill 1.7) (layers *.Cu *.Mask))
    (pad 2 smd rect (at -6.09 -5.08) (size 2.55 2.5) (layers Front F.Paste F.Mask)
      (net 1 GND))
    (pad "" np_thru_hole circle (at 3.81 -2.54) (size 2.95 2.95) (drill 2.95) (layers *.Cu *.Mask))
    (pad "" np_thru_hole circle (at -2.54 -5.08) (size 2.95 2.95) (drill 2.95) (layers *.Cu *.Mask))
    (pad "" np_thru_hole circle (at 0 0) (size 3.98018 3.98018) (drill 3.98018) (layers *.Cu *.Mask))
    (pad 1 smd rect (at 7.36 -2.54) (size 2.55 2.5) (layers Front F.Paste F.Mask)
      (net 13 "Net-(R5-Pad2)"))
    (model /Users/cole/git/keyboard_parts.pretty/PG151101S11.step
      (offset (xyz -4.65 6.8 1.8))
      (scale (xyz 1 1 1))
      (rotate (xyz 180 0 0))
    )
  )

  (module Capacitor_SMD:C_0603_1608Metric_Pad1.05x0.95mm_HandSolder (layer Front) (tedit 5B301BBE) (tstamp 5F11BBAA)
    (at 143.095001 -2.494999)
    (descr "Capacitor SMD 0603 (1608 Metric), square (rectangular) end terminal, IPC_7351 nominal with elongated pad for handsoldering. (Body size source: http://www.tortai-tech.com/upload/download/2011102023233369053.pdf), generated with kicad-footprint-generator")
    (tags "capacitor handsolder")
    (path /5D14A602)
    (attr smd)
    (fp_text reference C1 (at 0 -1.43) (layer F.SilkS)
      (effects (font (size 1 1) (thickness 0.15)))
    )
    (fp_text value 0.1UF (at 0 1.43) (layer F.Fab)
      (effects (font (size 1 1) (thickness 0.15)))
    )
    (fp_line (start 1.65 0.73) (end -1.65 0.73) (layer F.CrtYd) (width 0.05))
    (fp_line (start 1.65 -0.73) (end 1.65 0.73) (layer F.CrtYd) (width 0.05))
    (fp_line (start -1.65 -0.73) (end 1.65 -0.73) (layer F.CrtYd) (width 0.05))
    (fp_line (start -1.65 0.73) (end -1.65 -0.73) (layer F.CrtYd) (width 0.05))
    (fp_line (start -0.171267 0.51) (end 0.171267 0.51) (layer F.SilkS) (width 0.12))
    (fp_line (start -0.171267 -0.51) (end 0.171267 -0.51) (layer F.SilkS) (width 0.12))
    (fp_line (start 0.8 0.4) (end -0.8 0.4) (layer F.Fab) (width 0.1))
    (fp_line (start 0.8 -0.4) (end 0.8 0.4) (layer F.Fab) (width 0.1))
    (fp_line (start -0.8 -0.4) (end 0.8 -0.4) (layer F.Fab) (width 0.1))
    (fp_line (start -0.8 0.4) (end -0.8 -0.4) (layer F.Fab) (width 0.1))
    (fp_text user %R (at 0 0) (layer F.Fab)
      (effects (font (size 0.4 0.4) (thickness 0.06)))
    )
    (pad 1 smd roundrect (at -0.875 0) (size 1.05 0.95) (layers Front F.Paste F.Mask) (roundrect_rratio 0.25)
      (net 1 GND))
    (pad 2 smd roundrect (at 0.875 0) (size 1.05 0.95) (layers Front F.Paste F.Mask) (roundrect_rratio 0.25)
      (net 2 +3V3))
    (model ${KISYS3DMOD}/Capacitor_SMD.3dshapes/C_0603_1608Metric.wrl
      (at (xyz 0 0 0))
      (scale (xyz 1 1 1))
      (rotate (xyz 0 0 0))
    )
  )

  (module Capacitor_SMD:C_0603_1608Metric_Pad1.05x0.95mm_HandSolder (layer Front) (tedit 5B301BBE) (tstamp 5F11C0B4)
    (at 142.205001 8.205001)
    (descr "Capacitor SMD 0603 (1608 Metric), square (rectangular) end terminal, IPC_7351 nominal with elongated pad for handsoldering. (Body size source: http://www.tortai-tech.com/upload/download/2011102023233369053.pdf), generated with kicad-footprint-generator")
    (tags "capacitor handsolder")
    (path /5D14601C)
    (attr smd)
    (fp_text reference C2 (at 0 -1.43) (layer F.SilkS)
      (effects (font (size 1 1) (thickness 0.15)))
    )
    (fp_text value 1UF (at 0 1.43) (layer F.Fab)
      (effects (font (size 1 1) (thickness 0.15)))
    )
    (fp_line (start 1.65 0.73) (end -1.65 0.73) (layer F.CrtYd) (width 0.05))
    (fp_line (start 1.65 -0.73) (end 1.65 0.73) (layer F.CrtYd) (width 0.05))
    (fp_line (start -1.65 -0.73) (end 1.65 -0.73) (layer F.CrtYd) (width 0.05))
    (fp_line (start -1.65 0.73) (end -1.65 -0.73) (layer F.CrtYd) (width 0.05))
    (fp_line (start -0.171267 0.51) (end 0.171267 0.51) (layer F.SilkS) (width 0.12))
    (fp_line (start -0.171267 -0.51) (end 0.171267 -0.51) (layer F.SilkS) (width 0.12))
    (fp_line (start 0.8 0.4) (end -0.8 0.4) (layer F.Fab) (width 0.1))
    (fp_line (start 0.8 -0.4) (end 0.8 0.4) (layer F.Fab) (width 0.1))
    (fp_line (start -0.8 -0.4) (end 0.8 -0.4) (layer F.Fab) (width 0.1))
    (fp_line (start -0.8 0.4) (end -0.8 -0.4) (layer F.Fab) (width 0.1))
    (fp_text user %R (at 0 0) (layer F.Fab)
      (effects (font (size 0.4 0.4) (thickness 0.06)))
    )
    (pad 1 smd roundrect (at -0.875 0) (size 1.05 0.95) (layers Front F.Paste F.Mask) (roundrect_rratio 0.25)
      (net 3 +5V))
    (pad 2 smd roundrect (at 0.875 0) (size 1.05 0.95) (layers Front F.Paste F.Mask) (roundrect_rratio 0.25)
      (net 1 GND))
    (model ${KISYS3DMOD}/Capacitor_SMD.3dshapes/C_0603_1608Metric.wrl
      (at (xyz 0 0 0))
      (scale (xyz 1 1 1))
      (rotate (xyz 0 0 0))
    )
  )

  (module Capacitor_SMD:C_0603_1608Metric_Pad1.05x0.95mm_HandSolder (layer Front) (tedit 5B301BBE) (tstamp 5F11C039)
    (at 136.405001 15.385001)
    (descr "Capacitor SMD 0603 (1608 Metric), square (rectangular) end terminal, IPC_7351 nominal with elongated pad for handsoldering. (Body size source: http://www.tortai-tech.com/upload/download/2011102023233369053.pdf), generated with kicad-footprint-generator")
    (tags "capacitor handsolder")
    (path /5D5FFC3B)
    (attr smd)
    (fp_text reference C3 (at 0 -1.43) (layer F.SilkS)
      (effects (font (size 1 1) (thickness 0.15)))
    )
    (fp_text value 10uF (at 0 1.43) (layer F.Fab)
      (effects (font (size 1 1) (thickness 0.15)))
    )
    (fp_line (start -0.8 0.4) (end -0.8 -0.4) (layer F.Fab) (width 0.1))
    (fp_line (start -0.8 -0.4) (end 0.8 -0.4) (layer F.Fab) (width 0.1))
    (fp_line (start 0.8 -0.4) (end 0.8 0.4) (layer F.Fab) (width 0.1))
    (fp_line (start 0.8 0.4) (end -0.8 0.4) (layer F.Fab) (width 0.1))
    (fp_line (start -0.171267 -0.51) (end 0.171267 -0.51) (layer F.SilkS) (width 0.12))
    (fp_line (start -0.171267 0.51) (end 0.171267 0.51) (layer F.SilkS) (width 0.12))
    (fp_line (start -1.65 0.73) (end -1.65 -0.73) (layer F.CrtYd) (width 0.05))
    (fp_line (start -1.65 -0.73) (end 1.65 -0.73) (layer F.CrtYd) (width 0.05))
    (fp_line (start 1.65 -0.73) (end 1.65 0.73) (layer F.CrtYd) (width 0.05))
    (fp_line (start 1.65 0.73) (end -1.65 0.73) (layer F.CrtYd) (width 0.05))
    (fp_text user %R (at 0 0) (layer F.Fab)
      (effects (font (size 0.4 0.4) (thickness 0.06)))
    )
    (pad 2 smd roundrect (at 0.875 0) (size 1.05 0.95) (layers Front F.Paste F.Mask) (roundrect_rratio 0.25)
      (net 1 GND))
    (pad 1 smd roundrect (at -0.875 0) (size 1.05 0.95) (layers Front F.Paste F.Mask) (roundrect_rratio 0.25)
      (net 3 +5V))
    (model ${KISYS3DMOD}/Capacitor_SMD.3dshapes/C_0603_1608Metric.wrl
      (at (xyz 0 0 0))
      (scale (xyz 1 1 1))
      (rotate (xyz 0 0 0))
    )
  )

  (module Capacitor_SMD:C_0603_1608Metric_Pad1.05x0.95mm_HandSolder (layer Front) (tedit 5B301BBE) (tstamp 5F11B352)
    (at 129.115001 22.625001)
    (descr "Capacitor SMD 0603 (1608 Metric), square (rectangular) end terminal, IPC_7351 nominal with elongated pad for handsoldering. (Body size source: http://www.tortai-tech.com/upload/download/2011102023233369053.pdf), generated with kicad-footprint-generator")
    (tags "capacitor handsolder")
    (path /5D138551)
    (attr smd)
    (fp_text reference C4 (at 0 -1.43) (layer F.SilkS)
      (effects (font (size 1 1) (thickness 0.15)))
    )
    (fp_text value 0.1UF (at 0 1.43) (layer F.Fab)
      (effects (font (size 1 1) (thickness 0.15)))
    )
    (fp_line (start -0.8 0.4) (end -0.8 -0.4) (layer F.Fab) (width 0.1))
    (fp_line (start -0.8 -0.4) (end 0.8 -0.4) (layer F.Fab) (width 0.1))
    (fp_line (start 0.8 -0.4) (end 0.8 0.4) (layer F.Fab) (width 0.1))
    (fp_line (start 0.8 0.4) (end -0.8 0.4) (layer F.Fab) (width 0.1))
    (fp_line (start -0.171267 -0.51) (end 0.171267 -0.51) (layer F.SilkS) (width 0.12))
    (fp_line (start -0.171267 0.51) (end 0.171267 0.51) (layer F.SilkS) (width 0.12))
    (fp_line (start -1.65 0.73) (end -1.65 -0.73) (layer F.CrtYd) (width 0.05))
    (fp_line (start -1.65 -0.73) (end 1.65 -0.73) (layer F.CrtYd) (width 0.05))
    (fp_line (start 1.65 -0.73) (end 1.65 0.73) (layer F.CrtYd) (width 0.05))
    (fp_line (start 1.65 0.73) (end -1.65 0.73) (layer F.CrtYd) (width 0.05))
    (fp_text user %R (at 0 0) (layer F.Fab)
      (effects (font (size 0.4 0.4) (thickness 0.06)))
    )
    (pad 2 smd roundrect (at 0.875 0) (size 1.05 0.95) (layers Front F.Paste F.Mask) (roundrect_rratio 0.25)
      (net 1 GND))
    (pad 1 smd roundrect (at -0.875 0) (size 1.05 0.95) (layers Front F.Paste F.Mask) (roundrect_rratio 0.25)
      (net 4 "Net-(C4-Pad1)"))
    (model ${KISYS3DMOD}/Capacitor_SMD.3dshapes/C_0603_1608Metric.wrl
      (at (xyz 0 0 0))
      (scale (xyz 1 1 1))
      (rotate (xyz 0 0 0))
    )
  )

  (module Capacitor_SMD:C_0603_1608Metric_Pad1.05x0.95mm_HandSolder (layer Front) (tedit 5B301BBE) (tstamp 5F11AF6E)
    (at 122.565001 28.555001)
    (descr "Capacitor SMD 0603 (1608 Metric), square (rectangular) end terminal, IPC_7351 nominal with elongated pad for handsoldering. (Body size source: http://www.tortai-tech.com/upload/download/2011102023233369053.pdf), generated with kicad-footprint-generator")
    (tags "capacitor handsolder")
    (path /5D14DA6D)
    (attr smd)
    (fp_text reference C5 (at 0 -1.43) (layer F.SilkS)
      (effects (font (size 1 1) (thickness 0.15)))
    )
    (fp_text value 0.1UF (at 0 1.43) (layer F.Fab)
      (effects (font (size 1 1) (thickness 0.15)))
    )
    (fp_line (start 1.65 0.73) (end -1.65 0.73) (layer F.CrtYd) (width 0.05))
    (fp_line (start 1.65 -0.73) (end 1.65 0.73) (layer F.CrtYd) (width 0.05))
    (fp_line (start -1.65 -0.73) (end 1.65 -0.73) (layer F.CrtYd) (width 0.05))
    (fp_line (start -1.65 0.73) (end -1.65 -0.73) (layer F.CrtYd) (width 0.05))
    (fp_line (start -0.171267 0.51) (end 0.171267 0.51) (layer F.SilkS) (width 0.12))
    (fp_line (start -0.171267 -0.51) (end 0.171267 -0.51) (layer F.SilkS) (width 0.12))
    (fp_line (start 0.8 0.4) (end -0.8 0.4) (layer F.Fab) (width 0.1))
    (fp_line (start 0.8 -0.4) (end 0.8 0.4) (layer F.Fab) (width 0.1))
    (fp_line (start -0.8 -0.4) (end 0.8 -0.4) (layer F.Fab) (width 0.1))
    (fp_line (start -0.8 0.4) (end -0.8 -0.4) (layer F.Fab) (width 0.1))
    (fp_text user %R (at 0 0) (layer F.Fab)
      (effects (font (size 0.4 0.4) (thickness 0.06)))
    )
    (pad 1 smd roundrect (at -0.875 0) (size 1.05 0.95) (layers Front F.Paste F.Mask) (roundrect_rratio 0.25)
      (net 1 GND))
    (pad 2 smd roundrect (at 0.875 0) (size 1.05 0.95) (layers Front F.Paste F.Mask) (roundrect_rratio 0.25)
      (net 2 +3V3))
    (model ${KISYS3DMOD}/Capacitor_SMD.3dshapes/C_0603_1608Metric.wrl
      (at (xyz 0 0 0))
      (scale (xyz 1 1 1))
      (rotate (xyz 0 0 0))
    )
  )

  (module Capacitor_SMD:C_0603_1608Metric_Pad1.05x0.95mm_HandSolder (layer Front) (tedit 5B301BBE) (tstamp 5F11C0E4)
    (at 131.125001 16.955001)
    (descr "Capacitor SMD 0603 (1608 Metric), square (rectangular) end terminal, IPC_7351 nominal with elongated pad for handsoldering. (Body size source: http://www.tortai-tech.com/upload/download/2011102023233369053.pdf), generated with kicad-footprint-generator")
    (tags "capacitor handsolder")
    (path /5D14E879)
    (attr smd)
    (fp_text reference C6 (at 0 -1.43) (layer F.SilkS)
      (effects (font (size 1 1) (thickness 0.15)))
    )
    (fp_text value 0.1UF (at 0 1.43) (layer F.Fab)
      (effects (font (size 1 1) (thickness 0.15)))
    )
    (fp_line (start -0.8 0.4) (end -0.8 -0.4) (layer F.Fab) (width 0.1))
    (fp_line (start -0.8 -0.4) (end 0.8 -0.4) (layer F.Fab) (width 0.1))
    (fp_line (start 0.8 -0.4) (end 0.8 0.4) (layer F.Fab) (width 0.1))
    (fp_line (start 0.8 0.4) (end -0.8 0.4) (layer F.Fab) (width 0.1))
    (fp_line (start -0.171267 -0.51) (end 0.171267 -0.51) (layer F.SilkS) (width 0.12))
    (fp_line (start -0.171267 0.51) (end 0.171267 0.51) (layer F.SilkS) (width 0.12))
    (fp_line (start -1.65 0.73) (end -1.65 -0.73) (layer F.CrtYd) (width 0.05))
    (fp_line (start -1.65 -0.73) (end 1.65 -0.73) (layer F.CrtYd) (width 0.05))
    (fp_line (start 1.65 -0.73) (end 1.65 0.73) (layer F.CrtYd) (width 0.05))
    (fp_line (start 1.65 0.73) (end -1.65 0.73) (layer F.CrtYd) (width 0.05))
    (fp_text user %R (at 0 0) (layer F.Fab)
      (effects (font (size 0.4 0.4) (thickness 0.06)))
    )
    (pad 2 smd roundrect (at 0.875 0) (size 1.05 0.95) (layers Front F.Paste F.Mask) (roundrect_rratio 0.25)
      (net 2 +3V3))
    (pad 1 smd roundrect (at -0.875 0) (size 1.05 0.95) (layers Front F.Paste F.Mask) (roundrect_rratio 0.25)
      (net 1 GND))
    (model ${KISYS3DMOD}/Capacitor_SMD.3dshapes/C_0603_1608Metric.wrl
      (at (xyz 0 0 0))
      (scale (xyz 1 1 1))
      (rotate (xyz 0 0 0))
    )
  )

  (module Capacitor_SMD:C_0603_1608Metric_Pad1.05x0.95mm_HandSolder (layer Front) (tedit 5B301BBE) (tstamp 5F11C144)
    (at 79.785001 27.285001)
    (descr "Capacitor SMD 0603 (1608 Metric), square (rectangular) end terminal, IPC_7351 nominal with elongated pad for handsoldering. (Body size source: http://www.tortai-tech.com/upload/download/2011102023233369053.pdf), generated with kicad-footprint-generator")
    (tags "capacitor handsolder")
    (path /5D18C5D8)
    (attr smd)
    (fp_text reference C7 (at 0 -1.43) (layer F.SilkS)
      (effects (font (size 1 1) (thickness 0.15)))
    )
    (fp_text value 0.1UF (at 0 1.43) (layer F.Fab)
      (effects (font (size 1 1) (thickness 0.15)))
    )
    (fp_line (start 1.65 0.73) (end -1.65 0.73) (layer F.CrtYd) (width 0.05))
    (fp_line (start 1.65 -0.73) (end 1.65 0.73) (layer F.CrtYd) (width 0.05))
    (fp_line (start -1.65 -0.73) (end 1.65 -0.73) (layer F.CrtYd) (width 0.05))
    (fp_line (start -1.65 0.73) (end -1.65 -0.73) (layer F.CrtYd) (width 0.05))
    (fp_line (start -0.171267 0.51) (end 0.171267 0.51) (layer F.SilkS) (width 0.12))
    (fp_line (start -0.171267 -0.51) (end 0.171267 -0.51) (layer F.SilkS) (width 0.12))
    (fp_line (start 0.8 0.4) (end -0.8 0.4) (layer F.Fab) (width 0.1))
    (fp_line (start 0.8 -0.4) (end 0.8 0.4) (layer F.Fab) (width 0.1))
    (fp_line (start -0.8 -0.4) (end 0.8 -0.4) (layer F.Fab) (width 0.1))
    (fp_line (start -0.8 0.4) (end -0.8 -0.4) (layer F.Fab) (width 0.1))
    (fp_text user %R (at 0 0) (layer F.Fab)
      (effects (font (size 0.4 0.4) (thickness 0.06)))
    )
    (pad 1 smd roundrect (at -0.875 0) (size 1.05 0.95) (layers Front F.Paste F.Mask) (roundrect_rratio 0.25)
      (net 1 GND))
    (pad 2 smd roundrect (at 0.875 0) (size 1.05 0.95) (layers Front F.Paste F.Mask) (roundrect_rratio 0.25)
      (net 5 "Net-(C7-Pad2)"))
    (model ${KISYS3DMOD}/Capacitor_SMD.3dshapes/C_0603_1608Metric.wrl
      (at (xyz 0 0 0))
      (scale (xyz 1 1 1))
      (rotate (xyz 0 0 0))
    )
  )

  (module Capacitor_SMD:C_0603_1608Metric_Pad1.05x0.95mm_HandSolder (layer Front) (tedit 5B301BBE) (tstamp 5F11B448)
    (at 88.485001 27.285001)
    (descr "Capacitor SMD 0603 (1608 Metric), square (rectangular) end terminal, IPC_7351 nominal with elongated pad for handsoldering. (Body size source: http://www.tortai-tech.com/upload/download/2011102023233369053.pdf), generated with kicad-footprint-generator")
    (tags "capacitor handsolder")
    (path /5D1BEC6A)
    (attr smd)
    (fp_text reference C8 (at 0 -1.43) (layer F.SilkS)
      (effects (font (size 1 1) (thickness 0.15)))
    )
    (fp_text value 0.1UF (at 0 1.43) (layer F.Fab)
      (effects (font (size 1 1) (thickness 0.15)))
    )
    (fp_line (start -0.8 0.4) (end -0.8 -0.4) (layer F.Fab) (width 0.1))
    (fp_line (start -0.8 -0.4) (end 0.8 -0.4) (layer F.Fab) (width 0.1))
    (fp_line (start 0.8 -0.4) (end 0.8 0.4) (layer F.Fab) (width 0.1))
    (fp_line (start 0.8 0.4) (end -0.8 0.4) (layer F.Fab) (width 0.1))
    (fp_line (start -0.171267 -0.51) (end 0.171267 -0.51) (layer F.SilkS) (width 0.12))
    (fp_line (start -0.171267 0.51) (end 0.171267 0.51) (layer F.SilkS) (width 0.12))
    (fp_line (start -1.65 0.73) (end -1.65 -0.73) (layer F.CrtYd) (width 0.05))
    (fp_line (start -1.65 -0.73) (end 1.65 -0.73) (layer F.CrtYd) (width 0.05))
    (fp_line (start 1.65 -0.73) (end 1.65 0.73) (layer F.CrtYd) (width 0.05))
    (fp_line (start 1.65 0.73) (end -1.65 0.73) (layer F.CrtYd) (width 0.05))
    (fp_text user %R (at 0 0) (layer F.Fab)
      (effects (font (size 0.4 0.4) (thickness 0.06)))
    )
    (pad 2 smd roundrect (at 0.875 0) (size 1.05 0.95) (layers Front F.Paste F.Mask) (roundrect_rratio 0.25)
      (net 6 "Net-(C8-Pad2)"))
    (pad 1 smd roundrect (at -0.875 0) (size 1.05 0.95) (layers Front F.Paste F.Mask) (roundrect_rratio 0.25)
      (net 1 GND))
    (model ${KISYS3DMOD}/Capacitor_SMD.3dshapes/C_0603_1608Metric.wrl
      (at (xyz 0 0 0))
      (scale (xyz 1 1 1))
      (rotate (xyz 0 0 0))
    )
  )

  (module Capacitor_SMD:C_0603_1608Metric_Pad1.05x0.95mm_HandSolder (layer Front) (tedit 5B301BBE) (tstamp 5F11B4F3)
    (at 84.135001 27.285001)
    (descr "Capacitor SMD 0603 (1608 Metric), square (rectangular) end terminal, IPC_7351 nominal with elongated pad for handsoldering. (Body size source: http://www.tortai-tech.com/upload/download/2011102023233369053.pdf), generated with kicad-footprint-generator")
    (tags "capacitor handsolder")
    (path /5D16B7DF)
    (attr smd)
    (fp_text reference C10 (at 0 -1.43) (layer F.SilkS)
      (effects (font (size 1 1) (thickness 0.15)))
    )
    (fp_text value 0.1UF (at 0 1.43) (layer F.Fab)
      (effects (font (size 1 1) (thickness 0.15)))
    )
    (fp_line (start 1.65 0.73) (end -1.65 0.73) (layer F.CrtYd) (width 0.05))
    (fp_line (start 1.65 -0.73) (end 1.65 0.73) (layer F.CrtYd) (width 0.05))
    (fp_line (start -1.65 -0.73) (end 1.65 -0.73) (layer F.CrtYd) (width 0.05))
    (fp_line (start -1.65 0.73) (end -1.65 -0.73) (layer F.CrtYd) (width 0.05))
    (fp_line (start -0.171267 0.51) (end 0.171267 0.51) (layer F.SilkS) (width 0.12))
    (fp_line (start -0.171267 -0.51) (end 0.171267 -0.51) (layer F.SilkS) (width 0.12))
    (fp_line (start 0.8 0.4) (end -0.8 0.4) (layer F.Fab) (width 0.1))
    (fp_line (start 0.8 -0.4) (end 0.8 0.4) (layer F.Fab) (width 0.1))
    (fp_line (start -0.8 -0.4) (end 0.8 -0.4) (layer F.Fab) (width 0.1))
    (fp_line (start -0.8 0.4) (end -0.8 -0.4) (layer F.Fab) (width 0.1))
    (fp_text user %R (at 0 0) (layer F.Fab)
      (effects (font (size 0.4 0.4) (thickness 0.06)))
    )
    (pad 1 smd roundrect (at -0.875 0) (size 1.05 0.95) (layers Front F.Paste F.Mask) (roundrect_rratio 0.25)
      (net 1 GND))
    (pad 2 smd roundrect (at 0.875 0) (size 1.05 0.95) (layers Front F.Paste F.Mask) (roundrect_rratio 0.25)
      (net 2 +3V3))
    (model ${KISYS3DMOD}/Capacitor_SMD.3dshapes/C_0603_1608Metric.wrl
      (at (xyz 0 0 0))
      (scale (xyz 1 1 1))
      (rotate (xyz 0 0 0))
    )
  )

  (module Capacitor_SMD:C_0603_1608Metric_Pad1.05x0.95mm_HandSolder (layer Front) (tedit 5B301BBE) (tstamp 5F11B676)
    (at 97.185001 27.285001)
    (descr "Capacitor SMD 0603 (1608 Metric), square (rectangular) end terminal, IPC_7351 nominal with elongated pad for handsoldering. (Body size source: http://www.tortai-tech.com/upload/download/2011102023233369053.pdf), generated with kicad-footprint-generator")
    (tags "capacitor handsolder")
    (path /5D5CD585)
    (attr smd)
    (fp_text reference C11 (at 0 -1.43) (layer F.SilkS)
      (effects (font (size 1 1) (thickness 0.15)))
    )
    (fp_text value 0.1uF (at 0 1.43) (layer F.Fab)
      (effects (font (size 1 1) (thickness 0.15)))
    )
    (fp_line (start 1.65 0.73) (end -1.65 0.73) (layer F.CrtYd) (width 0.05))
    (fp_line (start 1.65 -0.73) (end 1.65 0.73) (layer F.CrtYd) (width 0.05))
    (fp_line (start -1.65 -0.73) (end 1.65 -0.73) (layer F.CrtYd) (width 0.05))
    (fp_line (start -1.65 0.73) (end -1.65 -0.73) (layer F.CrtYd) (width 0.05))
    (fp_line (start -0.171267 0.51) (end 0.171267 0.51) (layer F.SilkS) (width 0.12))
    (fp_line (start -0.171267 -0.51) (end 0.171267 -0.51) (layer F.SilkS) (width 0.12))
    (fp_line (start 0.8 0.4) (end -0.8 0.4) (layer F.Fab) (width 0.1))
    (fp_line (start 0.8 -0.4) (end 0.8 0.4) (layer F.Fab) (width 0.1))
    (fp_line (start -0.8 -0.4) (end 0.8 -0.4) (layer F.Fab) (width 0.1))
    (fp_line (start -0.8 0.4) (end -0.8 -0.4) (layer F.Fab) (width 0.1))
    (fp_text user %R (at 0 0) (layer F.Fab)
      (effects (font (size 0.4 0.4) (thickness 0.06)))
    )
    (pad 1 smd roundrect (at -0.875 0) (size 1.05 0.95) (layers Front F.Paste F.Mask) (roundrect_rratio 0.25)
      (net 7 "Net-(C11-Pad1)"))
    (pad 2 smd roundrect (at 0.875 0) (size 1.05 0.95) (layers Front F.Paste F.Mask) (roundrect_rratio 0.25)
      (net 1 GND))
    (model ${KISYS3DMOD}/Capacitor_SMD.3dshapes/C_0603_1608Metric.wrl
      (at (xyz 0 0 0))
      (scale (xyz 1 1 1))
      (rotate (xyz 0 0 0))
    )
  )

  (module Capacitor_SMD:C_0603_1608Metric_Pad1.05x0.95mm_HandSolder (layer Front) (tedit 5B301BBE) (tstamp 5F11BC0A)
    (at 101.535001 27.285001)
    (descr "Capacitor SMD 0603 (1608 Metric), square (rectangular) end terminal, IPC_7351 nominal with elongated pad for handsoldering. (Body size source: http://www.tortai-tech.com/upload/download/2011102023233369053.pdf), generated with kicad-footprint-generator")
    (tags "capacitor handsolder")
    (path /5D542C26)
    (attr smd)
    (fp_text reference C12 (at 0 -1.43) (layer F.SilkS)
      (effects (font (size 1 1) (thickness 0.15)))
    )
    (fp_text value 1UF (at 0 1.43) (layer F.Fab)
      (effects (font (size 1 1) (thickness 0.15)))
    )
    (fp_line (start -0.8 0.4) (end -0.8 -0.4) (layer F.Fab) (width 0.1))
    (fp_line (start -0.8 -0.4) (end 0.8 -0.4) (layer F.Fab) (width 0.1))
    (fp_line (start 0.8 -0.4) (end 0.8 0.4) (layer F.Fab) (width 0.1))
    (fp_line (start 0.8 0.4) (end -0.8 0.4) (layer F.Fab) (width 0.1))
    (fp_line (start -0.171267 -0.51) (end 0.171267 -0.51) (layer F.SilkS) (width 0.12))
    (fp_line (start -0.171267 0.51) (end 0.171267 0.51) (layer F.SilkS) (width 0.12))
    (fp_line (start -1.65 0.73) (end -1.65 -0.73) (layer F.CrtYd) (width 0.05))
    (fp_line (start -1.65 -0.73) (end 1.65 -0.73) (layer F.CrtYd) (width 0.05))
    (fp_line (start 1.65 -0.73) (end 1.65 0.73) (layer F.CrtYd) (width 0.05))
    (fp_line (start 1.65 0.73) (end -1.65 0.73) (layer F.CrtYd) (width 0.05))
    (fp_text user %R (at 0 0) (layer F.Fab)
      (effects (font (size 0.4 0.4) (thickness 0.06)))
    )
    (pad 2 smd roundrect (at 0.875 0) (size 1.05 0.95) (layers Front F.Paste F.Mask) (roundrect_rratio 0.25)
      (net 1 GND))
    (pad 1 smd roundrect (at -0.875 0) (size 1.05 0.95) (layers Front F.Paste F.Mask) (roundrect_rratio 0.25)
      (net 2 +3V3))
    (model ${KISYS3DMOD}/Capacitor_SMD.3dshapes/C_0603_1608Metric.wrl
      (at (xyz 0 0 0))
      (scale (xyz 1 1 1))
      (rotate (xyz 0 0 0))
    )
  )

  (module MountingHole:MountingHole_2.5mm_Pad_Via (layer Front) (tedit 56DDBAEA) (tstamp 5F11BB4F)
    (at 131.095001 -3.474999)
    (descr "Mounting Hole 2.5mm")
    (tags "mounting hole 2.5mm")
    (path /5D141289)
    (attr virtual)
    (fp_text reference H1 (at 0 -3.5) (layer F.SilkS)
      (effects (font (size 1 1) (thickness 0.15)))
    )
    (fp_text value MountingHole (at 0 3.5) (layer F.Fab)
      (effects (font (size 1 1) (thickness 0.15)))
    )
    (fp_circle (center 0 0) (end 2.5 0) (layer Cmts.User) (width 0.15))
    (fp_circle (center 0 0) (end 2.75 0) (layer F.CrtYd) (width 0.05))
    (fp_text user %R (at 0.3 0) (layer F.Fab)
      (effects (font (size 1 1) (thickness 0.15)))
    )
    (pad 1 thru_hole circle (at 1.325825 -1.325825) (size 0.8 0.8) (drill 0.5) (layers *.Cu *.Mask))
    (pad 1 thru_hole circle (at 0 -1.875) (size 0.8 0.8) (drill 0.5) (layers *.Cu *.Mask))
    (pad 1 thru_hole circle (at -1.325825 -1.325825) (size 0.8 0.8) (drill 0.5) (layers *.Cu *.Mask))
    (pad 1 thru_hole circle (at -1.875 0) (size 0.8 0.8) (drill 0.5) (layers *.Cu *.Mask))
    (pad 1 thru_hole circle (at -1.325825 1.325825) (size 0.8 0.8) (drill 0.5) (layers *.Cu *.Mask))
    (pad 1 thru_hole circle (at 0 1.875) (size 0.8 0.8) (drill 0.5) (layers *.Cu *.Mask))
    (pad 1 thru_hole circle (at 1.325825 1.325825) (size 0.8 0.8) (drill 0.5) (layers *.Cu *.Mask))
    (pad 1 thru_hole circle (at 1.875 0) (size 0.8 0.8) (drill 0.5) (layers *.Cu *.Mask))
    (pad 1 thru_hole circle (at 0 0) (size 5 5) (drill 2.5) (layers *.Cu *.Mask))
  )

  (module MountingHole:MountingHole_2.5mm_Pad_Via (layer Front) (tedit 56DDBAEA) (tstamp 5F11B648)
    (at 119.875001 17.225001)
    (descr "Mounting Hole 2.5mm")
    (tags "mounting hole 2.5mm")
    (path /5D14281B)
    (attr virtual)
    (fp_text reference H2 (at 0 -3.5) (layer F.SilkS)
      (effects (font (size 1 1) (thickness 0.15)))
    )
    (fp_text value MountingHole (at 0 3.5) (layer F.Fab)
      (effects (font (size 1 1) (thickness 0.15)))
    )
    (fp_circle (center 0 0) (end 2.5 0) (layer Cmts.User) (width 0.15))
    (fp_circle (center 0 0) (end 2.75 0) (layer F.CrtYd) (width 0.05))
    (fp_text user %R (at 0.3 0) (layer F.Fab)
      (effects (font (size 1 1) (thickness 0.15)))
    )
    (pad 1 thru_hole circle (at 1.325825 -1.325825) (size 0.8 0.8) (drill 0.5) (layers *.Cu *.Mask))
    (pad 1 thru_hole circle (at 0 -1.875) (size 0.8 0.8) (drill 0.5) (layers *.Cu *.Mask))
    (pad 1 thru_hole circle (at -1.325825 -1.325825) (size 0.8 0.8) (drill 0.5) (layers *.Cu *.Mask))
    (pad 1 thru_hole circle (at -1.875 0) (size 0.8 0.8) (drill 0.5) (layers *.Cu *.Mask))
    (pad 1 thru_hole circle (at -1.325825 1.325825) (size 0.8 0.8) (drill 0.5) (layers *.Cu *.Mask))
    (pad 1 thru_hole circle (at 0 1.875) (size 0.8 0.8) (drill 0.5) (layers *.Cu *.Mask))
    (pad 1 thru_hole circle (at 1.325825 1.325825) (size 0.8 0.8) (drill 0.5) (layers *.Cu *.Mask))
    (pad 1 thru_hole circle (at 1.875 0) (size 0.8 0.8) (drill 0.5) (layers *.Cu *.Mask))
    (pad 1 thru_hole circle (at 0 0) (size 5 5) (drill 2.5) (layers *.Cu *.Mask))
  )

  (module MountingHole:MountingHole_2.5mm_Pad_Via (layer Front) (tedit 56DDBAEA) (tstamp 5F11B3E4)
    (at 137.645001 -3.474999)
    (descr "Mounting Hole 2.5mm")
    (tags "mounting hole 2.5mm")
    (path /5D142B08)
    (attr virtual)
    (fp_text reference H3 (at 0 -3.5) (layer F.SilkS)
      (effects (font (size 1 1) (thickness 0.15)))
    )
    (fp_text value MountingHole (at 0 3.5) (layer F.Fab)
      (effects (font (size 1 1) (thickness 0.15)))
    )
    (fp_circle (center 0 0) (end 2.75 0) (layer F.CrtYd) (width 0.05))
    (fp_circle (center 0 0) (end 2.5 0) (layer Cmts.User) (width 0.15))
    (fp_text user %R (at 0.3 0) (layer F.Fab)
      (effects (font (size 1 1) (thickness 0.15)))
    )
    (pad 1 thru_hole circle (at 0 0) (size 5 5) (drill 2.5) (layers *.Cu *.Mask))
    (pad 1 thru_hole circle (at 1.875 0) (size 0.8 0.8) (drill 0.5) (layers *.Cu *.Mask))
    (pad 1 thru_hole circle (at 1.325825 1.325825) (size 0.8 0.8) (drill 0.5) (layers *.Cu *.Mask))
    (pad 1 thru_hole circle (at 0 1.875) (size 0.8 0.8) (drill 0.5) (layers *.Cu *.Mask))
    (pad 1 thru_hole circle (at -1.325825 1.325825) (size 0.8 0.8) (drill 0.5) (layers *.Cu *.Mask))
    (pad 1 thru_hole circle (at -1.875 0) (size 0.8 0.8) (drill 0.5) (layers *.Cu *.Mask))
    (pad 1 thru_hole circle (at -1.325825 -1.325825) (size 0.8 0.8) (drill 0.5) (layers *.Cu *.Mask))
    (pad 1 thru_hole circle (at 0 -1.875) (size 0.8 0.8) (drill 0.5) (layers *.Cu *.Mask))
    (pad 1 thru_hole circle (at 1.325825 -1.325825) (size 0.8 0.8) (drill 0.5) (layers *.Cu *.Mask))
  )

  (module MountingHole:MountingHole_2.5mm_Pad_Via (layer Front) (tedit 56DDBAEA) (tstamp 5F11B1EF)
    (at 111.315001 25.055001)
    (descr "Mounting Hole 2.5mm")
    (tags "mounting hole 2.5mm")
    (path /5D142CAA)
    (attr virtual)
    (fp_text reference H4 (at 0 -3.5) (layer F.SilkS)
      (effects (font (size 1 1) (thickness 0.15)))
    )
    (fp_text value MountingHole (at 0 3.5) (layer F.Fab)
      (effects (font (size 1 1) (thickness 0.15)))
    )
    (fp_circle (center 0 0) (end 2.75 0) (layer F.CrtYd) (width 0.05))
    (fp_circle (center 0 0) (end 2.5 0) (layer Cmts.User) (width 0.15))
    (fp_text user %R (at 0.3 0) (layer F.Fab)
      (effects (font (size 1 1) (thickness 0.15)))
    )
    (pad 1 thru_hole circle (at 0 0) (size 5 5) (drill 2.5) (layers *.Cu *.Mask))
    (pad 1 thru_hole circle (at 1.875 0) (size 0.8 0.8) (drill 0.5) (layers *.Cu *.Mask))
    (pad 1 thru_hole circle (at 1.325825 1.325825) (size 0.8 0.8) (drill 0.5) (layers *.Cu *.Mask))
    (pad 1 thru_hole circle (at 0 1.875) (size 0.8 0.8) (drill 0.5) (layers *.Cu *.Mask))
    (pad 1 thru_hole circle (at -1.325825 1.325825) (size 0.8 0.8) (drill 0.5) (layers *.Cu *.Mask))
    (pad 1 thru_hole circle (at -1.875 0) (size 0.8 0.8) (drill 0.5) (layers *.Cu *.Mask))
    (pad 1 thru_hole circle (at -1.325825 -1.325825) (size 0.8 0.8) (drill 0.5) (layers *.Cu *.Mask))
    (pad 1 thru_hole circle (at 0 -1.875) (size 0.8 0.8) (drill 0.5) (layers *.Cu *.Mask))
    (pad 1 thru_hole circle (at 1.325825 -1.325825) (size 0.8 0.8) (drill 0.5) (layers *.Cu *.Mask))
  )

  (module Resistor_SMD:R_0603_1608Metric_Pad1.05x0.95mm_HandSolder (layer Front) (tedit 5B301BBD) (tstamp 5F11B2F2)
    (at 92.835001 27.285001)
    (descr "Resistor SMD 0603 (1608 Metric), square (rectangular) end terminal, IPC_7351 nominal with elongated pad for handsoldering. (Body size source: http://www.tortai-tech.com/upload/download/2011102023233369053.pdf), generated with kicad-footprint-generator")
    (tags "resistor handsolder")
    (path /5D18FA64)
    (attr smd)
    (fp_text reference R1 (at 0 -1.43) (layer F.SilkS)
      (effects (font (size 1 1) (thickness 0.15)))
    )
    (fp_text value 10k (at 0 1.43) (layer F.Fab)
      (effects (font (size 1 1) (thickness 0.15)))
    )
    (fp_line (start -0.8 0.4) (end -0.8 -0.4) (layer F.Fab) (width 0.1))
    (fp_line (start -0.8 -0.4) (end 0.8 -0.4) (layer F.Fab) (width 0.1))
    (fp_line (start 0.8 -0.4) (end 0.8 0.4) (layer F.Fab) (width 0.1))
    (fp_line (start 0.8 0.4) (end -0.8 0.4) (layer F.Fab) (width 0.1))
    (fp_line (start -0.171267 -0.51) (end 0.171267 -0.51) (layer F.SilkS) (width 0.12))
    (fp_line (start -0.171267 0.51) (end 0.171267 0.51) (layer F.SilkS) (width 0.12))
    (fp_line (start -1.65 0.73) (end -1.65 -0.73) (layer F.CrtYd) (width 0.05))
    (fp_line (start -1.65 -0.73) (end 1.65 -0.73) (layer F.CrtYd) (width 0.05))
    (fp_line (start 1.65 -0.73) (end 1.65 0.73) (layer F.CrtYd) (width 0.05))
    (fp_line (start 1.65 0.73) (end -1.65 0.73) (layer F.CrtYd) (width 0.05))
    (fp_text user %R (at 0 0) (layer F.Fab)
      (effects (font (size 0.4 0.4) (thickness 0.06)))
    )
    (pad 2 smd roundrect (at 0.875 0) (size 1.05 0.95) (layers Front F.Paste F.Mask) (roundrect_rratio 0.25)
      (net 2 +3V3))
    (pad 1 smd roundrect (at -0.875 0) (size 1.05 0.95) (layers Front F.Paste F.Mask) (roundrect_rratio 0.25)
      (net 11 "Net-(R1-Pad1)"))
    (model ${KISYS3DMOD}/Resistor_SMD.3dshapes/R_0603_1608Metric.wrl
      (at (xyz 0 0 0))
      (scale (xyz 1 1 1))
      (rotate (xyz 0 0 0))
    )
  )

  (module Resistor_SMD:R_0603_1608Metric_Pad1.05x0.95mm_HandSolder (layer Front) (tedit 5B301BBD) (tstamp 5F11AFFE)
    (at 142.705001 5.695001)
    (descr "Resistor SMD 0603 (1608 Metric), square (rectangular) end terminal, IPC_7351 nominal with elongated pad for handsoldering. (Body size source: http://www.tortai-tech.com/upload/download/2011102023233369053.pdf), generated with kicad-footprint-generator")
    (tags "resistor handsolder")
    (path /5D1378FB)
    (attr smd)
    (fp_text reference R2 (at 0 -1.43) (layer F.SilkS)
      (effects (font (size 1 1) (thickness 0.15)))
    )
    (fp_text value 10k (at 0 1.43) (layer F.Fab)
      (effects (font (size 1 1) (thickness 0.15)))
    )
    (fp_line (start 1.65 0.73) (end -1.65 0.73) (layer F.CrtYd) (width 0.05))
    (fp_line (start 1.65 -0.73) (end 1.65 0.73) (layer F.CrtYd) (width 0.05))
    (fp_line (start -1.65 -0.73) (end 1.65 -0.73) (layer F.CrtYd) (width 0.05))
    (fp_line (start -1.65 0.73) (end -1.65 -0.73) (layer F.CrtYd) (width 0.05))
    (fp_line (start -0.171267 0.51) (end 0.171267 0.51) (layer F.SilkS) (width 0.12))
    (fp_line (start -0.171267 -0.51) (end 0.171267 -0.51) (layer F.SilkS) (width 0.12))
    (fp_line (start 0.8 0.4) (end -0.8 0.4) (layer F.Fab) (width 0.1))
    (fp_line (start 0.8 -0.4) (end 0.8 0.4) (layer F.Fab) (width 0.1))
    (fp_line (start -0.8 -0.4) (end 0.8 -0.4) (layer F.Fab) (width 0.1))
    (fp_line (start -0.8 0.4) (end -0.8 -0.4) (layer F.Fab) (width 0.1))
    (fp_text user %R (at 0 0) (layer F.Fab)
      (effects (font (size 0.4 0.4) (thickness 0.06)))
    )
